1 PINHOLE 1600 1200 2892.33 2883.18 823.204 619.069
2 PINHOLE 1600 1200 2892.33 2883.17 823.204 619.07
3 PINHOLE 1600 1200 2892.33 2883.18 823.206 619.071
4 PINHOLE 1600 1200 2892.33 2883.18 823.204 619.071
5 PINHOLE 1600 1200 2892.33 2883.18 823.205 619.071
6 PINHOLE 1600 1200 2892.33 2883.18 823.206 619.07
7 PINHOLE 1600 1200 2892.33 2883.18 823.207 619.07
8 PINHOLE 1600 1200 2892.33 2883.18 823.206 619.069
9 PINHOLE 1600 1200 2892.33 2883.18 823.205 619.072
10 PINHOLE 1600 1200 2892.33 2883.18 823.207 619.07
11 PINHOLE 1600 1200 2892.33 2883.17 823.205 619.069
12 PINHOLE 1600 1200 2892.33 2883.17 823.207 619.069
13 PINHOLE 1600 1200 2892.33 2883.18 823.205 619.071
14 PINHOLE 1600 1200 2892.33 2883.17 823.205 619.069
15 PINHOLE 1600 1200 2892.33 2883.18 823.206 619.069
16 PINHOLE 1600 1200 2892.33 2883.17 823.206 619.07
17 PINHOLE 1600 1200 2892.33 2883.17 823.205 619.072
18 PINHOLE 1600 1200 2892.33 2883.17 823.205 619.071
19 PINHOLE 1600 1200 2892.33 2883.18 823.204 619.071
20 PINHOLE 1600 1200 2892.33 2883.17 823.206 619.069
21 PINHOLE 1600 1200 2892.33 2883.18 823.206 619.07
22 PINHOLE 1600 1200 2892.33 2883.18 823.204 619.07
23 PINHOLE 1600 1200 2892.33 2883.18 823.206 619.069
24 PINHOLE 1600 1200 2892.33 2883.18 823.203 619.07
25 PINHOLE 1600 1200 2892.33 2883.18 823.204 619.07
26 PINHOLE 1600 1200 2892.33 2883.18 823.205 619.072
27 PINHOLE 1600 1200 2892.33 2883.18 823.204 619.07
28 PINHOLE 1600 1200 2892.33 2883.17 823.205 619.069
29 PINHOLE 1600 1200 2892.33 2883.18 823.207 619.07
30 PINHOLE 1600 1200 2892.33 2883.18 823.206 619.069
31 PINHOLE 1600 1200 2892.33 2883.18 823.205 619.071
32 PINHOLE 1600 1200 2892.33 2883.18 823.206 619.07
33 PINHOLE 1600 1200 2892.33 2883.18 823.206 619.07
34 PINHOLE 1600 1200 2892.33 2883.17 823.206 619.071
35 PINHOLE 1600 1200 2892.33 2883.17 823.204 619.07
36 PINHOLE 1600 1200 2892.33 2883.18 823.205 619.069
37 PINHOLE 1600 1200 2892.33 2883.18 823.206 619.07
38 PINHOLE 1600 1200 2892.33 2883.18 823.206 619.07
39 PINHOLE 1600 1200 2892.33 2883.18 823.205 619.069
40 PINHOLE 1600 1200 2892.33 2883.18 823.205 619.072
41 PINHOLE 1600 1200 2892.33 2883.18 823.206 619.069
42 PINHOLE 1600 1200 2892.33 2883.18 823.206 619.071
43 PINHOLE 1600 1200 2892.33 2883.17 823.205 619.071
44 PINHOLE 1600 1200 2892.33 2883.18 823.205 619.07
45 PINHOLE 1600 1200 2892.33 2883.17 823.205 619.071
46 PINHOLE 1600 1200 2892.33 2883.18 823.203 619.07
47 PINHOLE 1600 1200 2892.33 2883.18 823.204 619.07
48 PINHOLE 1600 1200 2892.33 2883.17 823.205 619.069
49 PINHOLE 1600 1200 2892.33 2883.18 823.204 619.07
