1 0.9491866254852098 -0.01313756395758898 0.2160694688414525 0.22844295755764282 -291.419 -77.0494 71.2762 1 00000001.jpg

2 0.6821479128458872 -0.0054196456961603705 0.3579920064274552 0.6375629710359557 -309.024 -318.429 181.594 1 00000003.jpg

3 0.47629428927922285 -0.0003868406658388091 0.3947548904785953 0.785692288199191 -220.056 -417.088 213.217 1 00000004.jpg

4 0.4472264527060089 -0.04935698652537111 0.4726034176223945 0.7577587326275047 -201.272 -496.938 305.637 1 00000005.jpg

5 0.9924259418213532 -0.014906502718832594 0.1218085853118103 -0.005598082704089651 -191.02 3.2883 22.5401 1 00000000.jpg

6 0.8435936521809537 -0.009846565320311619 0.29664074563984716 0.44750099650942254 -334.56 -194.157 129.344 1 00000002.jpg

7 0.5940416862476909 -0.06705590015342942 0.4426461241481975 0.6683428270965778 -270.978 -442.294 276.695 1 00000006.jpg

8 0.7234326851891613 -0.08274577749324072 0.39865181087939167 0.5575615510025387 -315.961 -371.996 233.091 1 00000007.jpg

9 0.8309781886427585 -0.09575642428108082 0.34106851885356015 0.42892702223888396 -328.835 -294.39 179.3 1 00000008.jpg

10 0.9120587974467436 -0.1053788969187725 0.27291003682746034 0.28734002756582444 -308.961 -219.385 123.151 1 00000009.jpg

11 0.9514657114158135 -0.20906586292426843 0.1967288445123983 0.11091650359418934 -246.046 -259.624 107.331 1 00000012.jpg

12 0.9697952103408224 -0.21214788215719818 0.12031380311622117 -0.0038972661028834365 -187.18 -232.097 69.7912 1 00000011.jpg

13 0.9644659143795595 -0.11104721110740153 0.19673453169370123 0.13700250888078497 -258.497 -156.493 71.838 1 00000010.jpg

14 0.914617543020032 -0.2019516260207514 0.2697236696176042 0.22347155000450655 -289.94 -298.342 154.683 1 00000013.jpg

15 0.7887678682603647 -0.17676144732860438 0.3988413608858567 0.4330428047903834 -321.256 -396.324 263.654 1 00000015.jpg

16 0.8599861917496118 -0.19132400215084533 0.3374682091227089 0.3315631724503543 -315.215 -345.334 208.194 1 00000014.jpg

17 0.7020290592276077 -0.15779225737731928 0.45253789116583976 0.5267506311018779 -306.044 -447.169 316.203 1 00000016.jpg

18 0.6021316301274996 -0.13602798109552305 0.4965313812474732 0.6102382462821208 -271.044 -494.295 361.453 1 00000017.jpg

19 0.490455477082273 -0.11190108493944612 0.5311221143857325 0.6817922637734289 -219.292 -534.556 396.976 1 00000018.jpg

20 0.40846612466641585 -0.146754519848996 0.6116027374461492 0.6614832508342284 -174.149 -584.541 523.429 1 00000019.jpg

21 0.5977503659555551 -0.2063373893595753 0.5433798429897582 0.5521389342395481 -266.547 -533.19 454.406 1 00000021.jpg

22 0.5066522476018438 -0.1776484766938838 0.5815922092416426 0.6111430502195865 -225.325 -561.382 493.822 1 00000020.jpg

23 0.6802304021432738 -0.23228820632265593 0.497812945338889 0.485295127885904 -295.083 -501.735 407.882 1 00000022.jpg

24 0.7531371057118351 -0.2552466855530992 0.44530338162401045 0.4115077422816319 -309.358 -468.705 356.303 1 00000023.jpg

25 0.8159351996329121 -0.2738728517908474 0.3857028108869269 0.3323805617431543 -308.866 -434.898 301.313 1 00000024.jpg

26 0.8674701723978756 -0.28867246156464305 0.3203700932238308 0.24804541625358476 -294.211 -402.82 247.354 1 00000025.jpg

27 0.9062812753224023 -0.2994473210355775 0.2512969827374854 0.1607340391625977 -264.525 -374.746 197.826 1 00000026.jpg

28 0.932388867372407 -0.30604451638741725 0.17874140911791414 0.07098792394049852 -222.458 -352.134 155.156 1 00000027.jpg

29 0.9084995872316068 -0.4020475134314872 0.1139301563310595 -0.0024675024969807824 -171.901 -431.626 204.397 1 00000028.jpg

30 0.8943215305470399 -0.39899576138095816 0.18917077831785625 0.07215111992275358 -217.69 -441.54 238.638 1 00000029.jpg

31 0.8698665127477894 -0.39131348892228646 0.2624977472448175 0.14594814047843416 -254.736 -455.064 281.107 1 00000030.jpg

32 0.8353810507786252 -0.3791458397395865 0.3329184325413909 0.21806425921465378 -281.532 -471.613 329.907 1 00000031.jpg

33 0.7912316348579599 -0.36288677973744626 0.3995129063017644 0.28749798412804395 -296.549 -490.314 382.793 1 00000032.jpg

34 0.6765635594679926 -0.3175522048053255 0.5179347085668419 0.41613274327305727 -290.07 -530.293 490.255 1 00000034.jpg

35 0.7379547750370615 -0.3424938879043186 0.46153709078296123 0.35370087548642976 -299.529 -510.277 437.39 1 00000033.jpg

36 0.6073581727448804 -0.2886303467486808 0.568472633602032 0.4739699125130881 -268.918 -549.69 539.553 1 00000035.jpg

37 0.35299362600477646 -0.23926281886703857 0.7273339547398114 0.537713108727441 -143.534 -579.42 759.831 1 00000038.jpg

38 0.44859029191457095 -0.22198763948945247 0.6496200547636828 0.5722604894197926 -195.245 -584.044 619.986 1 00000037.jpg

39 0.4311220824778058 -0.28161454709583383 0.6940389095364967 0.5031276726846078 -188.129 -572.947 730.503 1 00000039.jpg

40 0.5310529634603314 -0.2567121537401672 0.6125848500689148 0.526137728672841 -236.771 -567.94 583.523 1 00000036.jpg

41 0.5736533142935722 -0.35751645617625266 0.6061579203603256 0.4191374720742097 -255.306 -558.079 648.082 1 00000041.jpg

42 0.5049309358714318 -0.321102825122372 0.6534621401846815 0.46360028346451776 -225.915 -566.014 692.669 1 00000040.jpg

43 0.6368899041435655 -0.3905561202677341 0.5522649954280227 0.369919782786967 -276.229 -549.583 598.23 1 00000042.jpg

44 0.6930986582009808 -0.4188361159917611 0.49328186680872177 0.317590825484141 -285.581 -541.214 545.452 1 00000043.jpg

45 0.7424281109979606 -0.44278664173709203 0.42898833608534376 0.2621246382204062 -283.783 -533.012 491.404 1 00000044.jpg

46 0.7842187194909338 -0.4620901554546345 0.3603277287023073 0.20405276745226938 -271.186 -525.226 438.564 1 00000045.jpg

47 0.8435563111019916 -0.48657569696064235 0.21215892483360438 0.08151865393570126 -215.808 -512.603 345.155 1 00000047.jpg

48 0.8182921238775307 -0.47681260593239544 0.2873109041865674 0.14317943015853232 -248.757 -518.283 388.963 1 00000046.jpg

49 0.8602581008046365 -0.49135922068578536 0.134761300000042 0.01901560123025793 -174.812 -508.359 308.732 1 00000048.jpg

